set direct_err 1
set stepsize_integral 0.05
set normal_mode 2

# This sample was created by NFIT_to_SDP program.
# (1) Change all ? to an appropriate sample number. 
# (2) Change sample_name to whatever sample name you want.
# (3) Change other parameters to actual physical values.
# (4) Copy the following lines to your smp file.
samplist ? sample_name
parameter ? nobeam \
1.18 2.3 5 2 10 1 -64 65 0.0 \
x 0.333 67.0 91.0 0 7.875 0.0 9.0 0.0 \
  15.560  0.2223    5.065 \
  15.272  0.2233    4.998 \
  14.976  0.2244    4.939 \
  14.670  0.2254    4.895 \
  14.325  0.2265    4.833 \
  13.983  0.2275    4.691 \
  13.669  0.2285    4.492 \
  13.461  0.2296    4.268 \
  13.183  0.2306    4.247 \
  12.875  0.2317    4.074 \
  12.563  0.2327    3.973 \
  12.184  0.2338    3.886 \
  11.856  0.2348    3.774 \
  11.480  0.2358    3.758 \
  11.195  0.2369    3.678 \
  10.967  0.2379    3.494 \
  10.638  0.2390    3.446 \
  10.247  0.2400    3.412 \
   9.905  0.2410    3.430 \
   9.499  0.2421    3.313 \
   9.106  0.2431    3.161 \
   8.844  0.2442    2.881 \
   8.527  0.2452    2.653 \
   8.226  0.2463    2.522 \
   7.862  0.2473    2.562 \
   7.638  0.2483    2.431 \
   7.346  0.2494    2.498 \
   7.062  0.2504    2.423 \
   6.692  0.2515    2.431 \
   6.402  0.2525    2.101 \
   6.235  0.2535    2.001 \
   5.899  0.2546    2.187 \
   5.618  0.2556    2.028 \
   5.376  0.2567    1.887 \
   5.111  0.2577    1.702 \
   4.845  0.2587    1.573 \
   4.514  0.2598    1.382 \
   4.273  0.2608    1.276 \
   4.091  0.2619    1.207 \
   3.747  0.2629    1.059 \
   3.605  0.2639    0.965 \
   3.306  0.2650    1.019 \
   3.042  0.2660    0.848 \
   2.705  0.2671    0.823 \
   2.608  0.2681    0.816 \
   2.367  0.2691    0.870 \
   2.114  0.2702    0.733 \
   2.103  0.2712    0.563 \
   2.125  0.2723    0.478 \
   1.848  0.2733    0.464 \
   1.819  0.2743    0.525 \
   1.886  0.2754    0.838 \
   1.824  0.2764    0.835 \
   2.017  0.2775    0.781 \
   1.943  0.2785    0.879 \
   2.112  0.2795    0.850 \
   2.249  0.2806    0.791 \
   2.336  0.2816    0.754 \
   2.447  0.2827    0.800 \
   2.643  0.2837    0.919 \
   2.846  0.2847    0.869 \
   2.956  0.2858    0.914 \
   3.041  0.2868    1.004 \
   3.274  0.2879    1.056 \
   3.466  0.2889    1.089 \
   3.576  0.2899    1.192 \
   3.710  0.2910    1.241 \
   3.915  0.2920    1.170 \
   4.184  0.2931    1.207 \
   4.473  0.2941    1.292 \
   4.683  0.2951    1.435 \
   4.921  0.2962    1.549 \
   5.172  0.2972    1.617 \
   5.365  0.2982    1.694 \
   5.505  0.2993    1.779 \
   5.717  0.3003    1.838 \
   5.987  0.3014    1.936 \
   6.249  0.3024    1.984 \
   6.434  0.3034    2.075 \
   6.599  0.3045    2.156 \
   6.795  0.3055    2.244 \
   6.996  0.3066    2.342 \
   7.256  0.3076    2.340 \
   7.475  0.3086    2.421 \
   7.671  0.3097    2.531 \
   7.808  0.3107    2.538 \
   7.881  0.3117    2.574 \
   8.017  0.3128    2.653 \
   8.144  0.3138    2.734 \
   8.282  0.3149    2.813 \
   8.545  0.3159    2.715 \
   8.669  0.3169    2.759 \
   8.810  0.3180    2.769 \
   8.908  0.3190    2.794 \
   9.007  0.3201    2.912 \
   9.115  0.3211    3.054 \
   9.173  0.3221    3.006 \
   9.231  0.3232    2.991 \
   9.214  0.3242    3.060 \
   9.314  0.3252    3.173 \
   9.470  0.3263    3.197 \
   9.593  0.3273    3.201 \
   9.687  0.3284    3.180 \
   9.691  0.3294    3.231 \
   9.737  0.3304    3.145 \
   9.804  0.3315    3.147 \
   9.814  0.3325    3.228 \
   9.900  0.3335    3.243 \
   9.882  0.3346    3.254 \
   9.851  0.3356    3.319 \
   9.899  0.3366    3.299 \
   9.876  0.3377    3.319 \
   9.886  0.3387    3.406 \
   9.931  0.3398    3.356 \
   9.955  0.3408    3.311 \
   9.944  0.3418    3.343 \
   9.948  0.3429    3.353 \
   9.937  0.3439    3.316 \
   9.929  0.3449    3.319 \
   9.890  0.3460    3.314 \
   9.867  0.3470    3.268 \
   9.875  0.3481    3.282 \
   9.884  0.3491    3.282 \
   9.843  0.3501    3.271 \
   9.798  0.3512    3.291 \
   9.773  0.3522    3.253 \
   9.746  0.3532    3.182 \
   9.708  0.3543    3.206 \
   9.623  0.3553    3.205 \
   9.568  0.3563    3.138 \
   9.522  0.3574    3.163 \
   9.452  0.3584    3.155 \
   9.396  0.3595    3.151 \
   9.300  0.3605    3.155 \
   9.240  0.3615    3.136 \
   9.237  0.3626    3.101 \
   9.173  0.3636    3.014 \
   9.096  0.3646    2.928 \
   9.055  0.3657    2.900 \
   9.027  0.3667    2.869 \
   9.007  0.3677    2.890 \
   8.955  0.3688    2.915 \
   8.878  0.3698    2.886 \
   8.799  0.3709    2.895 \
   8.747  0.3719    2.873 \
   8.715  0.3729    2.802 \
   8.675  0.3740    2.810 \
   8.633  0.3750    2.833 \
   8.575  0.3760    2.819 \
   8.537  0.3771    2.774 \
   8.523  0.3781    2.762 \
   8.455  0.3791    2.754 \
   8.400  0.3802    2.719 \
   8.355  0.3812    2.700 \
   8.283  0.3822    2.715 \
   8.225  0.3833    2.662 \
   8.157  0.3843    2.619 \
   8.061  0.3853    2.593 \
   7.969  0.3864    2.552 \
   7.881  0.3874    2.496 \
   7.778  0.3885    2.442 \
   7.679  0.3895    2.472 \
   7.607  0.3905    2.504 \
   7.559  0.3916    2.482 \
   7.460  0.3926    2.419 \
   7.359  0.3936    2.382 \
   7.272  0.3947    2.362 \
   7.116  0.3957    2.343 \
   7.005  0.3967    2.352 \
   6.952  0.3978    2.251 \
   6.790  0.3988    2.264 \
   6.658  0.3998    2.202 \
   6.533  0.4009    2.160 \
   6.428  0.4019    2.119 \
   6.267  0.4029    2.118 \
   6.067  0.4040    2.055 \
   5.933  0.4050    1.948 \
   5.766  0.4060    1.877 \
   5.634  0.4071    1.895 \
   5.487  0.4081    1.906 \
   5.313  0.4091    1.897 \
   5.173  0.4102    1.836 \
   4.938  0.4112    1.782 \
   4.708  0.4122    1.584 \
   4.567  0.4133    1.557 \
   4.424  0.4143    1.528 \
   4.279  0.4153    1.502 \
   4.143  0.4164    1.477 \
   3.956  0.4174    1.515 \
   3.832  0.4184    1.318 \
   3.612  0.4195    1.274 \
   3.508  0.4205    1.168 \
   3.252  0.4216    1.146 \
   3.027  0.4226    1.183 \
   2.802  0.4236    1.131 \
   2.535  0.4247    1.196 \
   2.644  0.4257    0.862 \
   2.598  0.4267    0.690 \
   2.219  0.4278    0.852 \
   2.114  0.4288    0.725 \
   2.028  0.4298    0.672 \
   1.983  0.4309    0.499 \
   1.892  0.4319    0.329 \
   1.669  0.4329    0.505 \
   1.400  0.4340    0.696 \
   1.223  0.4350    0.888 \
   1.272  0.4360    0.648 \
   1.269  0.4371    0.603 \
   1.390  0.4381    0.480 \
   1.514  0.4391    0.473 \
   1.361  0.4401    0.395 \
   1.453  0.4412    0.487 \
   1.640  0.4422    0.463 \
   1.643  0.4432    0.386 \
   1.609  0.4443    0.579 \
   1.614  0.4453    0.583 \
   1.506  0.4463    0.793 \
   1.828  0.4474    0.644 \
   1.887  0.4484    0.626 \
   1.823  0.4494    0.894 \
   2.163  0.4505    0.752 \
   2.261  0.4515    0.656 \
   2.425  0.4525    0.759 \
   2.567  0.4536    0.792 \
   2.673  0.4546    0.842 \
   2.735  0.4556    0.970 \
   2.895  0.4567    0.954 \
   3.026  0.4577    0.859 \
   3.133  0.4587    1.027 \
   3.263  0.4598    1.047 \
   3.341  0.4608    1.006 \
   3.381  0.4618    1.081 \
   3.467  0.4629    1.106 \
   3.588  0.4639    1.101 \
   3.713  0.4649    1.124 \
   3.891  0.4660    1.179 \
   3.997  0.4670    1.293 \
   4.084  0.4680    1.317 \
   4.194  0.4691    1.407 \
   4.346  0.4701    1.387 \
   4.465  0.4711    1.445 \
   4.645  0.4721    1.456 \
   4.735  0.4732    1.472 \
   4.836  0.4742    1.561 \
   4.930  0.4752    1.663 \
   5.044  0.4763    1.667 \
   5.177  0.4773    1.713 \
   5.331  0.4783    1.758 \
   5.472  0.4794    1.763 \
   5.530  0.4804    1.862 \
   5.641  0.4814    1.827 \
   5.779  0.4825    1.817 \
   5.889  0.4835    1.906 \
   5.967  0.4845    2.008 \
   6.102  0.4856    1.991 \
   6.170  0.4866    2.012 \
   6.201  0.4876    2.073 \
   6.335  0.4886    2.120 \
   6.456  0.4897    2.147 \
   6.550  0.4907    2.166 \
   6.653  0.4917    2.144 \
   6.739  0.4928    2.191 \
   6.808  0.4938    2.190 \
   6.872  0.4948    2.257 \
   6.931  0.4959    2.309 \
   7.021  0.4969    2.246 \
   7.061  0.4979    2.235 \
   7.123  0.4990    2.283 \
   7.146  0.5000    2.330 \
   7.189  0.5010    2.296 \
   7.259  0.5020    2.334 \
   7.294  0.5031    2.421 \
   7.362  0.5041    2.409 \
   7.446  0.5051    2.396 \
   7.475  0.5062    2.475 \
   7.474  0.5072    2.489 \
   7.500  0.5082    2.438 \
   7.489  0.5093    2.496 \
   7.456  0.5103    2.516 \
   7.461  0.5113    2.507 \
   7.474  0.5123    2.492 \
   7.533  0.5134    2.536 \
   7.539  0.5144    2.518 \
   7.583  0.5154    2.494 \
   7.552  0.5165    2.527 \
   7.537  0.5175    2.504 \
   7.579  0.5185    2.514 \
   7.537  0.5196    2.540 \
   7.495  0.5206    2.477 \
   7.494  0.5216    2.477 \
   7.506  0.5226    2.475 \
   7.465  0.5237    2.467 \
   7.376  0.5247    2.428 \
   7.333  0.5257    2.383 \
   7.332  0.5268    2.337 \
   7.302  0.5278    2.334 \
   7.229  0.5288    2.361 \
   7.178  0.5298    2.347 \
   7.151  0.5309    2.334 \
   7.180  0.5319    2.484 \
   7.185  0.5329    2.547 \
   7.032  0.5340    2.368 \
   6.941  0.5350    2.307 \
   6.951  0.5360    2.308 \
   6.897  0.5370    2.239 \
   6.824  0.5381    2.215 \
   6.740  0.5391    2.253 \
   6.680  0.5401    2.222 \
   6.665  0.5412    2.209 \
   6.591  0.5422    2.177 \
   6.520  0.5432    2.179 \
   6.482  0.5442    2.156 \
   6.390  0.5453    2.073 \
   6.325  0.5463    2.056 \
   6.242  0.5473    2.104 \
   6.168  0.5484    2.139 \
   6.112  0.5494    2.097 \
   6.053  0.5504    1.991 \
   5.963  0.5514    1.994 \
   5.907  0.5525    1.986 \
   5.904  0.5535    1.951 \
   5.825  0.5545    1.954 \
   5.695  0.5556    1.909 \
   5.654  0.5566    1.864 \
   5.615  0.5576    1.847 \
   5.562  0.5586    1.815 \
   5.490  0.5597    1.794 \
   5.387  0.5607    1.745 \
   5.342  0.5617    1.727 \
   5.191  0.5627    1.736 \
   5.145  0.5638    1.661 \
   5.065  0.5648    1.719 \
   5.035  0.5658    1.698 \
   4.951  0.5669    1.734 \
   4.910  0.5679    1.720 \
   4.849  0.5689    1.618 \
   4.705  0.5699    1.606 \
   4.579  0.5710    1.508 \
   4.533  0.5720    1.451 \
   4.519  0.5730    1.545 \
   4.412  0.5740    1.568 \
   4.341  0.5751    1.598 \
   4.287  0.5761    1.490 \
   4.372  0.5771    1.279 \
   4.295  0.5782    1.439 \
   4.228  0.5792    1.497 \
   4.116  0.5802    1.444 \
   4.070  0.5812    1.391 \
   4.004  0.5823    1.351 \
   3.876  0.5833    1.411 \
   3.758  0.5843    1.375 \
   3.680  0.5853    1.238 \
   3.575  0.5864    1.201 \
   3.518  0.5874    1.123 \
   3.470  0.5884    1.181 \
   3.336  0.5894    1.138 \
   3.199  0.5905    1.123 \
   3.215  0.5915    1.065 \
   3.169  0.5925    0.972 \
   3.122  0.5935    0.973 \
   2.986  0.5946    0.875 \
   2.876  0.5956    0.937 \
   2.806  0.5966    1.083 \
   2.869  0.5976    0.951 \
   2.959  0.5987    0.855 \
   2.805  0.5997    0.869 \
   2.584  0.6007    0.717 \
   2.467  0.6017    0.904 \
   2.418  0.6028    0.930 \
   2.267  0.6038    0.933 \
   2.075  0.6048    0.850 \
   2.158  0.6058    0.597 \
   2.152  0.6069    0.731 \
   2.030  0.6079    0.727 \
   1.785  0.6089    0.659 \
   1.747  0.6100    0.629 \
   1.851  0.6110    0.286 \
   1.867  0.6120    0.348 \
   1.638  0.6130    0.517 \
   1.614  0.6140    0.249 \
   1.639  0.6151    0.440 \
   1.420  0.6161    0.222 \
   1.131  0.6171    0.159 \
   1.270  0.6181    0.010 \
   1.209  0.6192    0.211 \
   1.177  0.6202    0.465 \
   1.295  0.6212    0.626 \
   1.342  0.6222    0.381 \
   1.190  0.6233    0.048 \
   1.131  0.6243    0.015 \
   1.344  0.6253    0.085 \
   1.173  0.6263    0.160 \
   1.336  0.6274    0.307 \
   1.284  0.6284    0.271 \
   1.061  0.6294    0.600 \
   0.592  0.6304    1.038 \
   0.587  0.6315    0.257 \
   0.816  0.6325    0.322 \
   0.406  0.6335    1.298 \
   0.971  0.6345    0.338 \
   0.833  0.6356    0.396 \
   0.741  0.6366    0.379 \
   0.770  0.6376    0.330 \
   0.846  0.6386    0.168 \
   0.566  0.6397    0.632 \
   0.643  0.6407    0.276 \
   0.396  0.6417    0.019 \
   0.081  0.6427    0.465 \
   0.253  0.6437    0.754 \
   0.072  0.6448    0.633 \
  -0.371  0.6458    0.945 \
   0.035  0.6468    1.079 \
   0.887  0.6478    0.005 \
   0.321  0.6489    0.854 \
   0.767  0.6499    0.079 \
   1.068  0.6509    0.600 \
   1.137  0.6519    0.201 \
   0.758  0.6530    0.038 \
   0.620  0.6540    0.462 \
   0.878  0.6550    0.107 \
   0.305  0.6560    1.055 \
   0.790  0.6570    0.184 \
   1.024  0.6581    0.062 \
   1.230  0.6591    0.291 \
   0.963  0.6601    0.015 \
   0.953  0.6611    0.176 \
   0.887  0.6622    0.583 \
   1.023  0.6632    0.348 \
   1.187  0.6642    0.231 \
   1.239  0.6652    0.006 \
   1.429  0.6662    0.101 \
   1.059  0.6673    0.174 \
   1.292  0.6683    0.096 \
   1.186  0.6693    0.110 \
   1.223  0.6703    0.295 \
   1.315  0.6714    0.156 \
   1.058  0.6724    0.044 \
   1.180  0.6734    0.080 \
   1.518  0.6744    0.306 \
   1.270  0.6754    0.455 \
   1.159  0.6765    0.295 \
   1.245  0.6775    0.288 \
   1.230  0.6785    0.330 \
   1.482  0.6795    0.080 \
   1.478  0.6805    0.301 \
   1.376  0.6816    0.741 \
   1.335  0.6826    0.362 \
   1.273  0.6836    0.039 \
   1.387  0.6846    0.555 \
   1.591  0.6857    0.286 \
   1.675  0.6867    0.066 \
   1.527  0.6877    0.090 \
   1.125  0.6887    0.428 \
   1.125  0.6897    0.103 \
   1.415  0.6908    0.102 \
   1.419  0.6918    0.285 \
   1.168  0.6928    0.611 \
   1.047  0.6938    0.735 \
   1.078  0.6948    0.294 \
   0.993  0.6959    0.855 \
   0.966  0.6969    0.497 \
   1.346  0.6979    0.395 \
   1.181  0.6989    0.768 \
   1.164  0.6999    0.297 \
   1.382  0.7010    0.287 \
   1.242  0.7020    0.471 \
   1.255  0.7030    0.093 \
   1.255  0.7040    0.241 \
   1.480  0.7050    0.135 \
   1.446  0.7061    0.234 \
   1.221  0.7071    0.059 \
   0.975  0.7081    0.390 \
   0.676  0.7091    0.242 \
   1.152  0.7101    0.266 \
   1.321  0.7112    0.035 \
   1.051  0.7122    0.235 \
   0.434  0.7132    0.969 \
   0.120  0.7142    1.168 \
   0.035  0.7152    1.330 \
   0.119  0.7163    1.066 \
   0.169  0.7173    1.402 \
   0.633  0.7183    0.495 \
   0.637  0.7193    0.190 \
  -0.630  0.7203    0.139 \
  -0.806  0.7213    0.388 \
  -0.984  0.7224    0.094 \
  -0.809  0.7234    0.063 \
   0.432  0.7244    0.035 \
   0.038  0.7254    1.083 \
  -0.222  0.7264    0.855 \
  -0.849  0.7275    0.116 \
  -0.862  0.7285    0.025 \
  -0.619  0.7295    0.431 \
   0.674  0.7305    0.055 \
   1.331  0.7315    0.274 \
   1.224  0.7325    0.154 \
   0.395  0.7336    0.274 \
   0.947  0.7346    0.358 \
   0.999  0.7356    0.784 \
   0.263  0.7366    0.320 \
  -0.236  0.7376    0.980 \
   0.713  0.7387    0.390 \
   0.960  0.7397    0.091 \
   0.603  0.7407    0.481 \
   0.915  0.7417    0.139 \
   0.704  0.7427    0.444 \
   0.118  0.7437    1.480 \
   0.542  0.7448    1.409 \
   0.761  0.7458    0.573 \
  -0.395  0.7468    0.598 \
   0.055  0.7478    0.739 \
   0.736  0.7488    0.117 \
  -0.105  0.7498    0.808 \
  -0.428  0.7509    1.157 \
  -0.141  0.7519    0.659 \
   0.774  0.7529    0.167 \
   0.444  0.7539    0.086 \
   0.218  0.7549    1.001 \
  -0.127  0.7559    0.767 \
  -0.008  0.7570    1.624 \
  -0.159  0.7580    1.530 \
  -0.907  0.7590    0.344 \
  -0.468  0.7600    1.052 \
  -0.706  0.7610    0.462 \
  -0.880  0.7620    0.534 \
  -0.527  0.7631    0.041 \
   0.295  0.7641    0.961 \
   0.059  0.7651    1.065 \
  -0.171  0.7661    1.542 \
  -0.239  0.7671    1.408 \
  -0.548  0.7681    0.133 \
   0.980  0.7692    0.339 \
   1.155  0.7702    0.249 \
   1.332  0.7712    0.103 \
   1.174  0.7722    0.012 \
   0.767  0.7732    0.313 \
   0.100  0.7742    0.749 \
  -0.096  0.7753    0.396 \
   0.693  0.7763    0.135 \
   1.126  0.7773    0.071 \
   0.346  0.7783    0.908 \
   0.906  0.7793    0.238 \
   0.640  0.7803    0.256 \
   1.053  0.7813    0.126 \
   1.019  0.7824    0.193 \
   1.105  0.7834    0.354 \
   1.573  0.7844    0.307 \
   1.393  0.7854    0.207 \
   1.401  0.7864    0.172 \
   1.219  0.7874    0.627 \
   1.268  0.7884    0.085 \
   1.369  0.7895    0.155 \
   1.088  0.7905    0.571 \
   0.801  0.7915    0.257 \
   0.812  0.7925    0.458 \
   1.112  0.7935    0.190 \
   1.366  0.7945    0.090 \
   1.245  0.7955    0.506 \
   0.710  0.7966    0.718 \
   0.290  0.7976    1.399 \
   0.700  0.7986    1.481 \
   1.471  0.7996    0.660 \
   1.826  0.8006    0.462 \
   1.931  0.8016    0.382 \
   0.549  0.8026    1.963 \
   0.067  0.8037    2.258 \
   0.488  0.8047    1.318 \
   1.363  0.8057    0.016 \
   1.424  0.8067    0.131 \
   1.320  0.8077    0.053 \
   1.189  0.8087    0.270 \
   0.872  0.8097    0.522 \
   1.394  0.8108    0.404 \
   1.631  0.8118    0.021 \
   0.855  0.8128    0.349 \
   1.342  0.8138    0.547 \
   1.107  0.8148    0.093 \
   1.642  0.8158    0.232 \
   1.441  0.8168    0.006 \
   1.035  0.8178    0.421 \
   1.210  0.8189    0.317 \
   1.408  0.8199    0.160 \
   1.466  0.8209    0.463 \
   1.685  0.8219    0.442 \
   1.661  0.8229    0.214 \
   1.535  0.8239    0.438 \
   1.031  0.8249    0.617 \
   1.312  0.8259    0.189 \
   1.772  0.8270    0.135 \
   1.357  0.8280    0.084 \
   1.210  0.8290    0.098 \
   1.219  0.8300    0.487 \
   1.085  0.8310    0.390 \
   1.299  0.8320    0.187 \
   1.275  0.8330    0.044 \
   0.934  0.8340    0.339 \
   1.815  0.8351    0.332 \
   1.428  0.8361    0.736 \
   1.020  0.8371    0.198 \
   1.089  0.8381    0.639 \
   0.700  0.8391    1.477 \
   0.332  0.8401    1.563 \
   0.202  0.8411    1.340 \
   1.111  0.8421    0.242 \
   0.987  0.8431    0.309 \
   0.865  0.8442    0.326 \
   0.851  0.8452    0.799 \
   1.320  0.8462    0.726 \
   1.158  0.8472    0.642 \
   1.021  0.8482    0.398 \
   1.046  0.8492    0.905 \
   1.049  0.8502    0.727 \
  -0.249  0.8512    0.988 \
   0.801  0.8522    0.364 \
   0.801  0.8532    0.607 \
  -0.894  0.8543    0.391 \
  -0.734  0.8553    0.581 \
   1.024  0.8563    0.647 \
   0.070  0.8573    0.875 \
  -0.086  0.8583    0.555 \
   0.122  0.8593    0.729 \
  -0.095  0.8603    1.334 \
   0.236  0.8613    1.376 \
  -0.513  0.8623    0.024 \
   0.729  0.8633    0.103 \
   0.797  0.8644    0.098 \
  -0.195  0.8654    0.934 \
  -0.143  0.8664    0.609 \
   1.251  0.8674    0.119 \
   1.063  0.8684    0.451 \
   1.194  0.8694    0.419 \
   0.934  0.8704    0.419 \
   1.202  0.8714    0.781 \
   1.355  0.8724    0.898 \
   1.317  0.8734    0.568 \
   0.417  0.8744    1.497 \
   0.023  0.8755    1.792 \
  -1.005  0.8765    0.352 \
   0.163  0.8775    1.924 \
   0.340  0.8785    1.916 \
   0.925  0.8795    0.302 \
   0.545  0.8805    1.167 \
   0.780  0.8815    0.645 \
   0.945  0.8825    0.303 \
   0.822  0.8835    0.467 \
   1.230  0.8845    0.306 \
   1.449  0.8855    0.199 \
   0.625  0.8865    0.209 \
  -0.117  0.8876    1.204 \
   0.095  0.8886    0.859 \
-73647.533  0.8896  104153.930 \
   0.694  0.8906    0.842 \
   0.263  0.8916    0.863 \
   0.941  0.8926    0.023 \
   0.676  0.8936    0.032 \
  -0.724  0.8946    0.126 \
  -0.825  0.8956    0.201 \
  -0.045  0.8966    0.537 \
   1.057  0.8976    0.388 \
   0.165  0.8986    1.488 \
   0.321  0.8996    1.250 \
